100
404275 702497
21603 701020
115639 1052821
912860 1603434
294516 611904
706632 826255
947070 1236686
969080 1924976
208691 556657
611092 1047679
950633 1521279
770186 1291981
255159 430540
915088 1120629
914165 1167769
455239 1071717
54919 327765
306620 1132718
250324 779975
267689 398313
318438 796872
954663 1720920
36065 243959
902454 942261
944971 1444864
656683 1642556
452590 1236016
108150 1026349
290129 795720
388579 922988
162549 856149
470838 1339403
70690 946661
146790 893326
9701 281169
346039 703583
139825 441105
497815 507335
872946 1481503
176890 898349
789255 807554
429861 1142914
741982 1117649
143768 1132956
712471 1360018
254511 940183
782291 1164367
70916 839505
649079 1256132
475335 555719
896866 1245842
773690 1288905
543255 1092254
966175 1037633
167109 788989
404087 489046
163832 611789
926375 1312058
210150 259992
784394 1415469
567680 602583
220618 408889
119847 375487
337376 901685
78209 795644
291841 844948
641463 940637
820025 1498605
709930 1577080
244861 395322
937225 1178849
553591 1320396
78850 120946
60996 1023460
867590 1726108
775143 1186446
518354 536987
899314 1827515
523112 621261
194087 1108169
681269 1497878
575713 960739
955795 1947560
603871 1063763
425744 1182096
319631 1084408
313556 813936
969129 1800882
824590 1021329
514987 1354342
3128 30490
935590 1539563
547790 859519
598120 749213
253556 690753
979893 1309658
851364 1565462
27137 273610
28193 948800
875705 1143089
